$ANSIBLE_VAULT;1.1;AES256
30363832343866653231303634363961343533656461636132353664323862303637623037623766
3531626135616432393132373132303936323165393461310a626337386361396664633432383036
32383662643964366362636336313361363433633537396363666138393335353039323131326535
6566313931613630380a383733616139326137303865386233656462623137303762336461303761
61383136313462653336393530333062653639396135313865333733373636393464323734386436
33613139663739616563626230396435316538653733366366613331633730623730313037326439
35613836346436353535316436663734633662323039333338623466303036623764393838363732
62636436373232316534343632363164383331353264393164666330336162346163616135643638
66653062373466623336373334366239373461376264613361353235626437333930313664626235
32636661323739336166336236333862303835653663663466313261663932656164333162326465
66313436376437383936373062376261366533643361396530373932326663646635313837396638
37383837613264343964343331313831393733653933376164313735383939353837623666356337
30623337646232636261326334636332626238356464366435653833343166323335
